0.0 69
0.5 719
1.0 1068
1.5 1416
2.0 1764
2.5 2136
3.0 2484
3.5 2832
4.0 3181
4.5 3599
5.0 3900
5.5 4249
6.0 4597
6.5 4945
7.0 5294
7.5 5665
8.0 6013
8.5 6362
9.0 6710
9.5 7058
10.0 7453
10.5 7778
11.0 8126
11.5 8475
12.0 8823
12.5 9195
13.0 9543
13.5 9914
14.0 10240
14.5 10611
15.0 10959
15.5 11308
16.0 11656
16.5 12004
17.0 12353
17.5 12724
18.0 13072
18.5 13421
19.0 13769
19.5 14140
20.0 14489
20.5 14837
21.0 15185
21.5 15534
22.0 15882
22.5 16253
23.0 16602
23.5 16950
24.0 17322
24.5 17670
25.0 18041
25.5 18366
26.0 18715
26.5 19063
27.0 19435
27.5 19783
28.0 20131
28.5 20503
29.0 20828
29.5 21176
30.0 21548
30.5 21896
31.0 22244
31.5 22593
32.0 22941
32.5 23336
33.0 23661
33.5 24032
34.0 24380
34.5 24706
35.0 25077
35.5 25425
36.0 25774
36.5 26122
37.0 26470
37.5 26865
38.0 27190
38.5 27538
39.0 27910
39.5 28235
40.0 28606
40.5 28955
41.0 29303
41.5 29651
42.0 30000
42.5 30394
43.0 30743
43.5 31068
44.0 31416
44.5 31764
45.0 32136
45.5 32484
46.0 32833
46.5 33181
47.0 33529
47.5 33901
48.0 34249
48.5 34620
49.0 34946
49.5 35294
50.0 35665
50.5 36014
51.0 36362
51.5 36710
52.0 37059
52.5 37453
53.0 37778
53.5 38127
54.0 38475
54.5 38823
55.0 39195
55.5 39543
56.0 39891
56.5 40240
57.0 40588
57.5 40960
58.0 41308
58.5 41656
59.0 42004
59.5 42353
60.0 42724
60.5 43073
61.0 43444
61.5 43792
62.0 44141
62.5 44489
63.0 44837
63.5 45186
64.0 45534
64.5 45882
65.0 46254
65.5 46602
66.0 46950
66.5 47299
67.0 47647
67.5 48042
68.0 48390
68.5 48715
69.0 49063
69.5 49412
70.0 49783
70.5 50131
71.0 50480
71.5 50828
72.0 51176
72.5 51548
73.0 51919
73.5 52244
74.0 52593
74.5 52941
75.0 53313
75.5 53661
76.0 54009
76.5 54357
77.0 54706
77.5 55077
78.0 55426
78.5 55774
79.0 56122
79.5 56494
80.0 56842
80.5 57190
81.0 57539
81.5 57887
82.0 58235
82.5 58607
83.0 58955
83.5 59303
84.0 59652
84.5 60000
85.0 60371
85.5 60720
86.0 61068
86.5 61416
87.0 61765
87.5 62136
88.0 62484
88.5 62833
89.0 63181
89.5 63529
90.0 63901
90.5 64249
91.0 64597
91.5 64946
92.0 65294
92.5 65666
93.0 66014
93.5 66362
94.0 66710
94.5 67059
95.0 67430
95.5 67779
96.0 68150
96.5 68475
97.0 68823
97.5 69195
98.0 69543
98.5 69892
99.0 70240
99.5 70588
100.0 70960
100.5 71308
101.0 71656
101.5 72005
102.0 72353
102.5 72724
103.0 73073
103.5 73421
104.0 73769
104.5 74118
105.0 74489
105.5 74837
106.0 75186
106.5 75534
107.0 75906
107.5 76254
108.0 76602
108.5 76950
109.0 77299
109.5 77647
110.0 78019
110.5 78367
111.0 78715
111.5 79063
112.0 79412
112.5 79783
113.0 80155
113.5 80503
114.0 80851
114.5 81176
115.0 81548
115.5 81896
116.0 82245
116.5 82593
117.0 82964
117.5 83313
118.0 83661
118.5 84009
119.0 84358
119.5 84706
120.0 85077
120.5 85426
121.0 85774
121.5 86122
122.0 86471
122.5 86865
123.0 87214
123.5 87562
124.0 87910
124.5 88235
125.0 88607
125.5 88955
126.0 89303
126.5 89652
127.0 90000
127.5 90395
128.0 90720
128.5 91068
129.0 91416
129.5 91765
130.0 92160
130.5 92485
131.0 92833
131.5 93181
132.0 93529
132.5 93901
133.0 94249
133.5 94598
134.0 94946
134.5 95294
135.0 95666
135.5 96014
136.0 96362
136.5 96711
137.0 97059
137.5 97430
138.0 97779
138.5 98127
139.0 98475
139.5 98824
140.0 99195
140.5 99543
141.0 99892
141.5 100240
142.0 100588
142.5 100960
143.0 101308
143.5 101656
144.0 102005
144.5 102353
145.0 102725
145.5 103073
146.0 103421
146.5 103793
147.0 104141
147.5 104489
148.0 104838
148.5 105186
149.0 105534
149.5 105882
150.0 106254
150.5 106602
151.0 106951
151.5 107322
152.0 107647
152.5 108042
153.0 108390
153.5 108739
154.0 109064
154.5 109412
155.0 109783
155.5 110132
156.0 110480
156.5 110828
157.0 111177
157.5 111571
158.0 111920
158.5 112245
159.0 112593
159.5 112941
160.0 113313
160.5 113661
161.0 114033
161.5 114358
162.0 114729
162.5 115101
163.0 115449
163.5 115797
164.0 116122
164.5 116471
165.0 116842
165.5 117191
166.0 117539
166.5 117887
167.0 118259
167.5 118607
168.0 118955
168.5 119304
169.0 119652
169.5 120000
170.0 120372
170.5 120720
171.0 121068
171.5 121417
172.0 121765
172.5 122160
173.0 122508
173.5 122833
174.0 123181
174.5 123530
175.0 123901
175.5 124249
176.0 124598
176.5 124946
177.0 125294
177.5 125666
178.0 126014
178.5 126362
179.0 126711
179.5 127059
180.0 127431
180.5 127779
181.0 128127
181.5 128476
182.0 128824
182.5 129195
183.0 129544
183.5 129892
184.0 130240
184.5 130589
185.0 130960
185.5 131308
186.0 131657
186.5 132005
187.0 132353
187.5 132725
188.0 133073
188.5 133421
189.0 133770
189.5 134118
190.0 134489
190.5 134838
191.0 135186
191.5 135534
192.0 135883
192.5 136254
193.0 136603
193.5 136951
194.0 137322
194.5 137671
195.0 138019
195.5 138367
196.0 138716
196.5 139064
197.0 139412
197.5 139784
198.0 140132
198.5 140480
199.0 140829
199.5 141177
200.0 141572
200.5 141920
201.0 142268
201.5 142593
202.0 142942
202.5 143313
203.0 143661
203.5 144010
204.0 144358
204.5 144706
205.0 145101
205.5 145426
206.0 145774
206.5 146123
207.0 146471
207.5 146842
208.0 147191
208.5 147539
209.0 147887
209.5 148236
210.0 148607
210.5 148956
211.0 149304
211.5 149652
212.0 150024
212.5 150372
213.0 150720
213.5 151069
214.0 151417
214.5 151765
215.0 152137
215.5 152485
216.0 152833
216.5 153182
217.0 153530
217.5 153901
218.0 154250
218.5 154598
219.0 154946
219.5 155295
220.0 155666
220.5 156014
221.0 156363
221.5 156711
222.0 157083
222.5 157431
223.0 157779
223.5 158127
224.0 158476
224.5 158847
225.0 159219
225.5 159567
226.0 159892
226.5 160240
227.0 160589
227.5 160960
228.0 161309
228.5 161657
229.0 162005
229.5 162353
230.0 162748
230.5 163073
231.0 163422
231.5 163793
232.0 164118
232.5 164490
233.0 164838
233.5 165186
234.0 165558
234.5 165883
235.0 166278
235.5 166603
236.0 166951
236.5 167299
237.0 167648
237.5 168019
238.0 168367
238.5 168716
239.0 169064
239.5 169412
240.0 169807
240.5 170132
241.0 170480
241.5 170829
242.0 171177
242.5 171549
243.0 171897
243.5 172245
244.0 172593
244.5 172942
245.0 173313
245.5 173662
246.0 174010
246.5 174358
247.0 174706
247.5 175078
248.0 175426
248.5 175775
249.0 176123
249.5 176471
250.0 176843
250.5 177191
251.0 177539
251.5 177888
252.0 178236
252.5 178607
253.0 178956
253.5 179304
254.0 179652
254.5 180001
255.0 180372
255.5 180744
256.0 181092
256.5 181440
257.0 181789
257.5 182137
258.0 182485
258.5 182833
259.0 183182
259.5 183530
260.0 183902
260.5 184273
261.0 184598
261.5 184946
262.0 185295
262.5 185689
263.0 186015
263.5 186363
264.0 186711
264.5 187083
265.0 187431
265.5 187779
266.0 188128
266.5 188476
267.0 188824
267.5 189196
268.0 189544
268.5 189892
269.0 190241
269.5 190589
270.0 190960
270.5 191309
271.0 191657
271.5 192005
272.0 192354
272.5 192725
273.0 193073
273.5 193422
274.0 193793
274.5 194118
275.0 194490
275.5 194838
276.0 195210
276.5 195535
277.0 195883
277.5 196278
278.0 196603
278.5 196951
279.0 197299
279.5 197648
280.0 198019
280.5 198368
281.0 198716
281.5 199064
282.0 199412
282.5 199807
283.0 200132
283.5 200481
284.0 200829
284.5 201177
285.0 201549
285.5 201897
286.0 202245
286.5 202594
287.0 202942
287.5 203313
288.0 203662
288.5 204010
289.0 204358
289.5 204707
290.0 205078
290.5 205426
291.0 205775
291.5 206123
292.0 206471
292.5 206843
293.0 207191
293.5 207563
294.0 207888
294.5 208259
295.0 208608
295.5 208956
296.0 209304
296.5 209652
297.0 210001
297.5 210372
298.0 210721
298.5 211069
299.0 211440
299.5 211765
300.0 212160
300.5 212509
301.0 212834
301.5 213182
302.0 213530
302.5 213902
303.0 214250
303.5 214622
304.0 214970
304.5 215318
305.0 215690
305.5 216015
306.0 216363
306.5 216711
307.0 217060
307.5 217431
308.0 217779
308.5 218128
309.0 218476
309.5 218824
310.0 219219
310.5 219567
311.0 219892
311.5 220241
312.0 220589
312.5 220961
313.0 221309
313.5 221657
314.0 222005
314.5 222354
315.0 222725
315.5 223074
316.0 223422
316.5 223770
317.0 224119
317.5 224490
318.0 224838
318.5 225187
319.0 225535
319.5 225883
320.0 226255
320.5 226603
321.0 226951
321.5 227300
322.0 227648
322.5 228019
323.0 228368
323.5 228716
324.0 229064
324.5 229413
325.0 229784
325.5 230132
326.0 230481
326.5 230829
327.0 231177
327.5 231549
328.0 231920
328.5 232269
329.0 232594
329.5 232942
330.0 233314
330.5 233662
331.0 234010
331.5 234359
332.0 234707
332.5 235078
333.0 235450
333.5 235775
334.0 236123
334.5 236472
335.0 236843
335.5 237191
336.0 237540
336.5 237888
337.0 238236
337.5 238608
338.0 238956
338.5 239304
339.0 239653
339.5 240001
340.0 240372
340.5 240721
341.0 241069
341.5 241417
342.0 241766
342.5 242137
343.0 242509
343.5 242834
344.0 243182
344.5 243530
345.0 243902
345.5 244250
346.0 244599
346.5 244947
347.0 245295
347.5 245667
348.0 246015
348.5 246363
349.0 246712
349.5 247083
350.0 247431
350.5 247780
351.0 248128
351.5 248476
352.0 248825
352.5 249196
353.0 249544
353.5 249893
354.0 250241
354.5 250589
355.0 250961
355.5 251309
356.0 251657
356.5 252006
357.0 252354
357.5 252725
358.0 253074
358.5 253422
359.0 253770
359.5 254119
360.0 254490
360.5 254839
361.0 255187
361.5 255535
362.0 255883
362.5 256255
363.0 256603
363.5 256952
364.0 257300
364.5 257648
365.0 258020
365.5 258368
366.0 258716
366.5 259065
367.0 259413
367.5 259784
368.0 260133
368.5 260481
369.0 260852
369.5 261201
370.0 261549
370.5 261897
371.0 262246
371.5 262594
372.0 262942
372.5 263314
373.0 263662
373.5 264010
374.0 264359
374.5 264730
375.0 265079
375.5 265427
376.0 265775
376.5 266123
377.0 266472
377.5 266843
378.0 267192
378.5 267563
379.0 267888
379.5 268236
380.0 268608
380.5 268956
381.0 269305
381.5 269653
382.0 270001
382.5 270373
383.0 270721
383.5 271092
384.0 271418
384.5 271789
385.0 272137
385.5 272486
386.0 272834
386.5 273182
387.0 273531
387.5 273902
388.0 274274
388.5 274622
389.0 274970
389.5 275319
390.0 275690
390.5 276038
391.0 276363
391.5 276712
392.0 277060
392.5 277432
393.0 277803
393.5 278151
394.0 278500
394.5 278848
395.0 279196
395.5 279545
396.0 279893
396.5 280241
397.0 280589
397.5 280961
398.0 281332
398.5 281658
399.0 282006
399.5 282377
400.0 282749
400.5 283097
401.0 283422
401.5 283771
402.0 284119
402.5 284490
403.0 284839
403.5 285187
404.0 285535
404.5 285884
405.0 286278
405.5 286603
406.0 286952
406.5 287300
407.0 287648
407.5 288020
408.0 288368
408.5 288716
409.0 289065
409.5 289413
410.0 289785
410.5 290133
411.0 290481
411.5 290829
412.0 291178
412.5 291549
413.0 291898
413.5 292246
414.0 292594
414.5 292942
415.0 293314
415.5 293662
416.0 294034
416.5 294382
417.0 294730
417.5 295079
418.0 295450
418.5 295799
419.0 296124
419.5 296472
420.0 296843
420.5 297192
421.0 297540
421.5 297888
422.0 298237
422.5 298631
423.0 298980
423.5 299328
424.0 299653
424.5 300001
425.0 300350
425.5 300721
KEY: 